83 05 00 00 00 00 00 01 01 01 02 00 00 00 00 00 00 00 00 00 00 12 FB F5 B0 C3 04 17 01 00 01 49 A8 00 00 00 00 00 0E 08 00 00 00 00 00 0F 0A 01 00 15 00 01 00 01 97 21 C9
83 05 00 00 00 00 00 01 01 01 02 00 00 00 00 00 00 00 00 00 00 12 FB F5 B0 C3 04 17 01 00 01 49 A8 00 00 00 00 00 0E 08 00 00 00 00 00 0F 0A 01 00 15 01 01 00 01 97 21 C9
83 05 00 00 00 00 00 01 01 01 02 00 00 00 00 00 00 00 00 00 00 12 FB F5 B0 C3 04 17 01 00 01 49 A8 00 00 00 00 00 0E 08 00 00 00 00 00 0F 0A 01 00 15 02 01 00 01 97 21 C9
83 05 00 00 00 00 00 01 01 01 02 00 00 00 00 00 00 00 00 00 00 12 FB F5 B0 C3 04 17 01 00 01 49 A8 00 00 00 00 00 0E 08 00 00 00 00 00 0F 0A 01 00 15 06 01 00 01 97 21 C9
83 05 00 00 00 00 00 01 01 01 02 00 00 00 00 00 00 00 00 00 00 12 FB F5 B0 C3 04 17 01 00 01 49 A8 00 00 00 00 00 0E 08 00 00 00 00 00 0F 0A 01 00 15 07 01 00 01 97 21 C9
83 05 00 00 00 00 00 01 01 01 02 00 00 00 00 00 00 00 00 00 00 12 FB F5 B0 C3 04 17 01 00 01 49 A8 00 00 00 00 00 0E 08 00 00 00 00 00 0F 0A 01 00 15 08 01 00 01 97 21 C9
83 05 00 00 00 00 00 01 01 01 02 00 00 00 00 00 00 00 00 00 00 12 FB F5 B0 C3 04 17 01 00 01 49 A8 00 00 00 00 00 0E 08 00 00 00 00 00 0F 0A 01 00 15 09 01 00 01 97 21 C9
83 05 00 00 00 00 00 01 01 01 02 00 00 00 00 00 00 00 00 00 00 12 FB F5 B0 C3 04 17 01 00 01 49 A8 00 00 00 00 00 0E 08 00 00 00 00 00 0F 0A 01 00 15 0A 01 00 01 97 21 C9
83 05 00 00 00 00 00 01 01 01 02 00 00 00 00 00 00 00 00 00 00 12 FB F5 B0 C3 04 17 01 00 01 49 A8 00 00 00 00 00 0E 08 00 00 00 00 00 0F 0A 01 00 15 0C 01 00 01 97 21 C9
83 05 00 00 00 00 00 01 01 01 02 00 00 00 00 00 00 00 00 00 00 12 FB F5 B0 C3 04 17 01 00 01 49 A8 00 00 00 00 00 0E 08 00 00 00 00 00 0F 0A 01 00 15 0E 01 00 01 97 21 C9
83 05 00 00 00 00 00 01 01 01 02 00 00 00 00 00 00 00 00 00 00 12 FB F5 B0 C3 04 17 01 00 01 49 A8 00 00 00 00 00 0E 08 00 00 00 00 00 0F 0A 01 00 15 11 01 00 01 97 21 C9
83 05 00 00 00 00 00 01 01 01 02 00 00 00 00 00 00 00 00 00 00 12 FB F5 B0 C3 04 17 01 00 01 49 A8 00 00 00 00 00 0E 08 00 00 00 00 00 0F 0A 01 00 15 13 01 00 01 97 21 C9
83 05 00 00 00 00 00 01 01 01 02 00 00 00 00 00 00 00 00 00 00 12 FB F5 B0 C3 04 17 01 00 01 49 A8 00 00 00 00 00 0E 08 00 00 00 00 00 0F 0A 01 00 15 20 01 00 01 97 21 C9
83 05 00 00 00 00 00 01 01 01 02 00 00 00 00 00 00 00 00 00 00 12 FB F5 B0 C3 04 17 01 00 01 49 A8 00 00 00 00 00 0E 08 00 00 00 00 00 0F 0A 01 00 15 21 01 00 01 97 21 C9
83 05 00 00 00 00 00 01 01 01 02 00 00 00 00 00 00 00 00 00 00 12 FB F5 B0 C3 04 17 01 00 01 49 A8 00 00 00 00 00 0E 08 00 00 00 00 00 0F 0A 01 00 15 22 01 00 01 97 21 C9
83 05 00 00 00 00 00 01 01 01 02 00 00 00 00 00 00 00 00 00 00 12 FB F5 B0 C3 04 17 01 00 01 49 A8 00 00 00 00 00 0E 08 00 00 00 00 00 0F 0A 01 00 15 23 01 00 01 97 21 C9
83 05 00 00 00 00 00 01 01 01 02 00 00 00 00 00 00 00 00 00 00 12 FB F5 B0 C3 04 17 01 00 01 49 A8 00 00 00 00 00 0E 08 00 00 00 00 00 0F 0A 01 00 15 24 01 00 01 97 21 C9
83 05 00 00 00 00 00 01 01 01 02 00 00 00 00 00 00 00 00 00 00 12 FB F5 B0 C3 04 17 01 00 01 49 A8 00 00 00 00 00 0E 08 00 00 00 00 00 0F 0A 01 00 15 25 01 00 01 97 21 C9
83 05 00 00 00 00 00 01 01 01 02 00 00 00 00 00 00 00 00 00 00 12 FB F5 B0 C3 04 17 01 00 01 49 A8 00 00 00 00 00 0E 08 00 00 00 00 00 0F 0A 01 00 15 40 01 00 01 97 21 C9
83 05 00 00 00 00 00 01 01 01 02 00 00 00 00 00 00 00 00 00 00 12 FB F5 B0 C3 04 17 01 00 01 49 A8 00 00 00 00 00 0E 08 00 00 00 00 00 0F 0A 01 00 15 41 01 00 01 97 21 C9
83 05 00 00 00 00 00 01 01 01 02 00 00 00 00 00 00 00 00 00 00 12 FB F5 B0 C3 04 17 01 00 01 49 A8 00 00 00 00 00 0E 08 00 00 00 00 00 0F 0A 01 00 15 42 01 00 01 97 21 C9
83 05 00 00 00 00 00 01 01 01 02 00 00 00 00 00 00 00 00 00 00 12 FB F5 B0 C3 04 17 01 00 01 49 A8 00 00 00 00 00 0E 08 00 00 00 00 00 0F 0A 01 00 15 43 01 00 01 97 21 C9
83 05 00 00 00 00 00 01 01 01 02 00 00 00 00 00 00 00 00 00 00 12 FB F5 B0 C3 04 17 01 00 01 49 A8 00 00 00 00 00 0E 08 00 00 00 00 00 0F 0A 01 00 15 44 01 00 01 97 21 C9
83 05 00 00 00 00 00 01 01 01 02 00 00 00 00 00 00 00 00 00 00 12 FB F5 B0 C3 04 17 01 00 01 49 A8 00 00 00 00 00 0E 08 00 00 00 00 00 0F 0A 01 00 15 45 01 00 01 97 21 C9
83 05 00 00 00 00 00 01 01 01 02 00 00 00 00 00 00 00 00 00 00 12 FB F5 B0 C3 04 17 01 00 01 49 A8 00 00 00 00 00 0E 08 00 00 00 00 00 0F 0A 01 00 15 46 01 00 01 97 21 C9
83 05 00 00 00 00 00 01 01 01 02 00 00 00 00 00 00 00 00 00 00 12 FB F5 B0 C3 04 17 01 00 01 49 A8 00 00 00 00 00 0E 08 00 00 00 00 00 0F 0A 01 00 15 47 01 00 01 97 21 C9
83 05 00 00 00 00 00 01 01 01 02 00 00 00 00 00 00 00 00 00 00 12 FB F5 B0 C3 04 17 01 00 01 49 A8 00 00 00 00 00 0E 08 00 00 00 00 00 0F 0A 01 00 15 48 01 00 01 97 21 C9
83 05 00 00 00 00 00 01 01 01 02 00 00 00 00 00 00 00 00 00 00 12 FB F5 B0 C3 04 17 01 00 01 49 A8 00 00 00 00 00 0E 08 00 00 00 00 00 0F 0A 01 00 15 49 01 00 01 97 21 C9
83 05 00 00 00 00 00 01 01 01 02 00 00 00 00 00 00 00 00 00 00 12 FB F5 B0 C3 04 17 01 00 01 49 A8 00 00 00 00 00 0E 08 00 00 00 00 00 0F 0A 01 00 15 4A 01 00 01 97 21 C9
83 05 00 00 00 00 00 01 01 01 02 00 00 00 00 00 00 00 00 00 00 12 FB F5 B0 C3 04 17 01 00 01 49 A8 00 00 00 00 00 0E 08 00 00 00 00 00 0F 0A 01 00 15 4B 01 00 01 97 21 C9
83 05 00 00 00 00 00 01 01 01 02 00 00 00 00 00 00 00 00 00 00 12 FB F5 B0 C3 04 17 01 00 01 49 A8 00 00 00 00 00 0E 08 00 00 00 00 00 0F 0A 01 00 15 4C 01 00 01 97 21 C9
83 05 00 00 00 00 00 01 01 01 02 00 00 00 00 00 00 00 00 00 00 12 FB F5 B0 C3 04 17 01 00 01 49 A8 00 00 00 00 00 0E 08 00 00 00 00 00 0F 0A 01 00 15 4D 01 00 01 97 21 C9
83 05 00 00 00 00 00 01 01 01 02 00 00 00 00 00 00 00 00 00 00 12 FB F5 B0 C3 04 17 01 00 01 49 A8 00 00 00 00 00 0E 08 00 00 00 00 00 0F 0A 01 00 15 4E 01 00 01 97 21 C9
83 05 00 00 00 00 00 01 01 01 02 00 00 00 00 00 00 00 00 00 00 12 FB F5 B0 C3 04 17 01 00 01 49 A8 00 00 00 00 00 0E 08 00 00 00 00 00 0F 0A 01 00 15 4F 01 00 01 97 21 C9
83 05 00 00 00 00 00 01 01 01 02 00 00 00 00 00 00 00 00 00 00 12 FB F5 B0 C3 04 17 01 00 01 49 A8 00 00 00 00 00 0E 08 00 00 00 00 00 0F 0A 01 00 15 50 01 00 01 97 21 C9
83 05 00 00 00 00 00 01 01 01 02 00 00 00 00 00 00 00 00 00 00 12 FB F5 B0 C3 04 17 01 00 01 49 A8 00 00 00 00 00 0E 08 00 00 00 00 00 0F 0A 01 00 15 51 01 00 01 97 21 C9
83 05 00 00 00 00 00 01 01 01 02 00 00 00 00 00 00 00 00 00 00 12 FB F5 B0 C3 04 17 01 00 01 49 A8 00 00 00 00 00 0E 08 00 00 00 00 00 0F 0A 01 00 15 52 01 00 01 97 21 C9
83 05 00 00 00 00 00 01 01 01 02 00 00 00 00 00 00 00 00 00 00 12 FB F5 B0 C3 04 17 01 00 01 49 A8 00 00 00 00 00 0E 08 00 00 00 00 00 0F 0A 01 00 15 53 01 00 01 97 21 C9
83 05 00 00 00 00 00 01 01 01 02 00 00 00 00 00 00 00 00 00 00 12 FB F5 B0 C3 04 17 01 00 01 49 A8 00 00 00 00 00 0E 08 00 00 00 00 00 0F 0A 01 00 15 54 01 00 01 97 21 C9
83 05 00 00 00 00 00 01 01 01 02 00 00 00 00 00 00 00 00 00 00 12 FB F5 B0 C3 04 17 01 00 01 49 A8 00 00 00 00 00 0E 08 00 00 00 00 00 0F 0A 01 00 15 55 01 00 01 97 21 C9
83 05 00 00 00 00 00 01 01 01 02 00 00 00 00 00 00 00 00 00 00 12 FB F5 B0 C3 04 17 01 00 01 49 A8 00 00 00 00 00 0E 08 00 00 00 00 00 0F 0A 01 00 15 56 01 00 01 97 21 C9
83 05 00 00 00 00 00 01 01 01 02 00 00 00 00 00 00 00 00 00 00 12 FB F5 B0 C3 04 17 01 00 01 49 A8 00 00 00 00 00 0E 08 00 00 00 00 00 0F 0A 01 00 15 57 01 00 01 97 21 C9
83 05 00 00 00 00 00 01 01 01 02 00 00 00 00 00 00 00 00 00 00 12 FB F5 B0 C3 04 17 01 00 01 49 A8 00 00 00 00 00 0E 08 00 00 00 00 00 0F 0A 01 00 15 58 01 00 01 97 21 C9
83 05 00 00 00 00 00 01 01 01 02 00 00 00 00 00 00 00 00 00 00 12 FB F5 B0 C3 04 17 01 00 01 49 A8 00 00 00 00 00 0E 08 00 00 00 00 00 0F 0A 01 00 15 59 01 00 01 97 21 C9
83 05 00 00 00 00 00 01 01 01 02 00 00 00 00 00 00 00 00 00 00 12 FB F5 B0 C3 04 17 01 00 01 49 A8 00 00 00 00 00 0E 08 00 00 00 00 00 0F 0A 01 00 15 5A 01 00 01 97 21 C9
83 05 45 62 01 33 06 01 01 01 05 02 8F 58 AC 97 C5 58 AC 97 C5 1F C1 7F 32 BE 6D 6C 68 00 00 F8 6F 00 00 00 00 00 00 0A 00 03 70 FF B1 4F 09 11 00 00 84 00 14 02 03 31 50 30 34 32 30 32 50 30 34 32 30 33 50 30 34 32 30